[1,1] : 1, 1: 0
[1,2] : 1, 2: 2
[1,3] : 1, 2, 3: 5
[1,4] : 1, 4: 2
[1,5] : 1, 4, 5: 7
[1,6] : 1, 4, 5, 6: 10
[1,7] : 1, 7: 6
[1,8] : 1, 7, 8: 7
[2,1] : 2, 3, 7, 1: 11
[2,2] : 2, 2: 0
[2,3] : 2, 3: 3
[2,4] : 2, 3, 7, 4: 13
[2,5] : 2, 3, 5: 7
[2,6] : 2, 3, 5, 6: 10
[2,7] : 2, 3, 7: 5
[2,8] : 2, 3, 7, 8: 6
[3,1] : 3, 7, 1: 8
[3,2] : 3, 7, 2: 10
[3,3] : 3, 3: 0
[3,4] : 3, 7, 4: 10
[3,5] : 3, 5: 4
[3,6] : 3, 5, 6: 7
[3,7] : 3, 7: 2
[3,8] : 3, 7, 8: 3
[4,1] : 4, 2, 3, 7, 1: 15
[4,2] : 4, 2: 4
[4,3] : 4, 2, 3: 7
[4,4] : 4, 4: 0
[4,5] : 4, 5: 5
[4,6] : 4, 5, 6: 8
[4,7] : 4, 2, 3, 7: 9
[4,8] : 4, 2, 3, 7, 8: 10
[5,1] : 5, 6, 3, 7, 1: 15
[5,2] : 5, 6, 4, 2: 15
[5,3] : 5, 6, 3: 7
[5,4] : 5, 6, 4: 11
[5,5] : 5, 5: 0
[5,6] : 5, 6: 3
[5,7] : 5, 6, 3, 7: 9
[5,8] : 5, 6, 3, 7, 8: 10
[6,1] : 6, 3, 7, 1: 12
[6,2] : 6, 4, 2: 12
[6,3] : 6, 3: 4
[6,4] : 6, 4: 8
[6,5] : 6, 3, 5: 8
[6,6] : 6, 6: 0
[6,7] : 6, 3, 7: 6
[6,8] : 6, 3, 7, 8: 7
[7,1] : 7, 1: 6
[7,2] : 7, 2: 8
[7,3] : 7, 2, 3: 11
[7,4] : 7, 4: 8
[7,5] : 7, 4, 5: 13
[7,6] : 7, 4, 5, 6: 16
[7,7] : 7, 7: 0
[7,8] : 7, 8: 1
[8,1] : 8, 7, 1: 7
[8,2] : 8, 7, 2: 9
[8,3] : 8, 7, 2, 3: 12
[8,4] : 8, 7, 4: 9
[8,5] : 8, 7, 4, 5: 14
[8,6] : 8, 7, 4, 5, 6: 17
[8,7] : 8, 7: 1
[8,8] : 8, 8: 0